# unix_time, cycles_done, cur_path, paths_total, pending_total, pending_favs, map_size, unique_crashes, unique_hangs, max_depth, execs_per_sec
1519725566, 0, 0, 1, 1, 1, 0.54%, 0, 0, 1, 22.61
1519725576, 0, 0, 2, 2, 1, 0.54%, 2, 0, 2, 25.18
1519725581, 0, 0, 6, 6, 1, 0.58%, 6, 0, 2, 24.96
1519725586, 0, 0, 6, 6, 1, 0.58%, 9, 0, 2, 26.00
1519725591, 0, 0, 6, 6, 1, 0.58%, 12, 0, 2, 26.91
1519725596, 0, 0, 6, 6, 1, 0.58%, 18, 0, 2, 27.45
1519725601, 0, 0, 6, 6, 1, 0.58%, 19, 0, 2, 25.05
1519725606, 0, 0, 6, 6, 1, 0.58%, 20, 0, 2, 26.40
1519725611, 0, 0, 7, 7, 1, 0.58%, 22, 0, 2, 26.17
1519725617, 0, 0, 9, 9, 1, 0.58%, 25, 0, 2, 26.83
1519725622, 0, 0, 9, 9, 1, 0.58%, 29, 0, 2, 27.64
1519725627, 0, 0, 10, 10, 1, 0.58%, 34, 0, 2, 26.74
1519725637, 0, 0, 11, 11, 1, 0.58%, 34, 0, 2, 25.90
1519725642, 0, 0, 12, 12, 1, 0.58%, 41, 0, 2, 23.66
1519725647, 0, 0, 13, 13, 1, 0.58%, 47, 0, 2, 24.49
1519725652, 0, 0, 13, 13, 1, 0.58%, 48, 0, 2, 27.58
1519725663, 0, 0, 14, 14, 1, 0.58%, 49, 0, 2, 26.46
1519725668, 0, 0, 15, 15, 1, 0.58%, 49, 0, 2, 27.29
1519725673, 0, 0, 16, 16, 1, 0.58%, 50, 0, 2, 26.09
1519725678, 0, 0, 16, 16, 1, 0.58%, 59, 0, 2, 26.77
1519725683, 0, 0, 17, 17, 1, 0.58%, 60, 0, 2, 24.64
1519725693, 0, 0, 18, 18, 1, 0.58%, 60, 0, 2, 26.59
1519725698, 0, 0, 19, 19, 1, 0.58%, 60, 0, 2, 24.76
1519725708, 0, 0, 19, 19, 1, 0.58%, 61, 0, 2, 25.59
1519725713, 0, 0, 21, 21, 1, 0.58%, 61, 0, 2, 26.43
1519725718, 0, 0, 22, 22, 1, 0.58%, 61, 0, 2, 23.68
1519725749, 0, 0, 24, 24, 1, 0.59%, 61, 0, 2, 26.58
1519725769, 0, 0, 24, 24, 1, 0.59%, 62, 0, 2, 25.99
1519725784, 0, 0, 25, 25, 1, 0.59%, 62, 0, 2, 26.87
1519725789, 0, 0, 26, 26, 1, 0.59%, 62, 0, 2, 26.52
1519725795, 0, 0, 27, 27, 1, 0.59%, 62, 0, 2, 25.63
1519725805, 0, 0, 27, 27, 1, 0.59%, 63, 0, 2, 26.72
1519725815, 0, 0, 28, 28, 1, 0.59%, 63, 0, 2, 27.28
1519725835, 0, 0, 29, 29, 1, 0.59%, 63, 0, 2, 25.77
1519725840, 0, 0, 30, 30, 1, 0.60%, 63, 0, 2, 26.17
1519725845, 0, 0, 32, 32, 1, 0.61%, 63, 0, 2, 25.53
1519725882, 0, 0, 33, 33, 1, 0.61%, 63, 0, 2, 27.47
1519725902, 0, 0, 34, 34, 1, 0.61%, 63, 0, 2, 25.67
1519725933, 0, 0, 35, 35, 1, 0.62%, 63, 0, 2, 26.09
1519726009, 0, 0, 35, 35, 1, 0.62%, 64, 0, 2, 26.92
1519726030, 0, 0, 36, 36, 1, 0.62%, 64, 0, 2, 24.79
1519726035, 0, 0, 37, 37, 1, 0.62%, 65, 0, 2, 25.95
1519726065, 0, 0, 38, 38, 1, 0.62%, 65, 0, 2, 26.81
1519726096, 0, 0, 38, 38, 1, 0.62%, 66, 0, 2, 24.82
1519726183, 0, 0, 39, 39, 1, 0.62%, 66, 0, 2, 28.38
1519726326, 0, 0, 39, 39, 1, 0.62%, 67, 0, 2, 27.15
1519726351, 0, 0, 40, 40, 1, 0.62%, 67, 0, 2, 26.74
1519726356, 0, 0, 40, 40, 1, 0.62%, 68, 0, 2, 25.95
1519726443, 0, 0, 41, 41, 1, 0.62%, 68, 0, 2, 26.22
1519726468, 0, 0, 41, 41, 1, 0.62%, 69, 0, 2, 26.50
1519726493, 0, 0, 42, 42, 1, 0.62%, 69, 0, 2, 26.58
1519726503, 0, 0, 42, 42, 1, 0.62%, 70, 0, 2, 26.94
1519726646, 0, 0, 43, 43, 1, 0.62%, 70, 0, 2, 26.33
1519726661, 0, 0, 44, 44, 1, 0.63%, 70, 0, 2, 23.85
1519726687, 0, 0, 44, 44, 1, 0.63%, 71, 0, 2, 27.03
1519726896, 0, 0, 45, 45, 1, 0.63%, 71, 0, 2, 24.92
1519726973, 0, 0, 45, 45, 1, 0.63%, 72, 0, 2, 24.37
1519727070, 0, 0, 45, 45, 1, 0.63%, 73, 0, 2, 25.55
1519727116, 0, 0, 45, 45, 1, 0.63%, 74, 0, 2, 24.79
1519727131, 0, 0, 45, 45, 1, 0.63%, 75, 0, 2, 25.22
1519727172, 0, 0, 45, 45, 1, 0.63%, 76, 0, 2, 26.74
1519727213, 0, 0, 45, 45, 1, 0.63%, 77, 0, 2, 27.71
1519727279, 0, 0, 45, 45, 1, 0.63%, 78, 0, 2, 27.09
1519727391, 0, 0, 45, 45, 1, 0.63%, 79, 0, 2, 27.33
1519728170, 0, 0, 46, 46, 1, 0.63%, 79, 0, 2, 24.63
1519728180, 0, 0, 46, 46, 1, 0.63%, 82, 0, 2, 26.22
1519728201, 0, 0, 47, 47, 1, 0.63%, 82, 0, 2, 25.82
1519728282, 0, 0, 47, 47, 1, 0.63%, 83, 0, 2, 27.09
1519728308, 0, 0, 47, 47, 1, 0.63%, 85, 0, 2, 26.79
1519728338, 0, 0, 48, 48, 1, 0.63%, 85, 0, 2, 25.81
1519728369, 0, 0, 48, 48, 1, 0.63%, 88, 0, 2, 26.31
1519728400, 0, 0, 49, 49, 1, 0.63%, 88, 0, 2, 27.17
1519728466, 0, 0, 49, 49, 1, 0.63%, 91, 0, 2, 26.50
1519728481, 0, 0, 50, 50, 1, 0.63%, 91, 0, 2, 25.63
1519728569, 0, 11, 50, 49, 21, 0.63%, 91, 0, 2, 24.82
1519729991, 0, 11, 51, 50, 21, 0.63%, 91, 0, 3, 26.73
1519730798, 0, 11, 51, 50, 21, 0.63%, 92, 0, 3, 25.80
1519731543, 0, 14, 51, 49, 20, 0.63%, 92, 0, 3, 26.21
1519732496, 0, 14, 52, 50, 20, 0.63%, 92, 0, 3, 26.04
1519734737, 0, 14, 53, 51, 20, 0.63%, 94, 0, 3, 5.28
1519734742, 0, 14, 53, 51, 20, 0.63%, 95, 0, 3, 6.46
1519735645, 0, 15, 53, 50, 19, 0.63%, 95, 0, 3, 14.56
1519735696, 0, 15, 53, 50, 19, 0.63%, 96, 0, 3, 15.58
1519736029, 0, 15, 54, 51, 19, 0.63%, 96, 0, 3, 14.63
1519736141, 0, 15, 55, 52, 19, 0.63%, 96, 0, 3, 11.67
